
ID: 590ab78201ac55cb8158873096486eff

[0][0.00,[(866,[672,1013,1198])|9cfd47], None, None, 0,60.43,60.43]
[1][65.62,[(815,[672,1013,1198])|37265b],0,866->815,1,60.43,60.43]
[4][143.96,[(808,[672,1013,1198])|e0d74f],1,815->808,2,60.43,60.43]
[16][385.05,[(816,[672,1013,1198])|489581],4,808->816,3,60.43,60.43]
[42][556.72,[(850,[672,1013,1198])|a64813],16,816->850,4,60.43,60.43]
[75][676.05,[(852,[672,1013,1198])|3cd0f6],42,850->852,5,60.43,60.43]
[112][840.00,[(855,[672,1013,1198])|164b52],75,852->855,6,60.43,60.43]
[147][1192.09,[(931,[672,1013,1198])|a10a5e],112,855->931,7,60.43,60.43]
[186][1447.43,[(982,[672,1013,1198])|11efa1],147,931->982,8,60.43,60.43]
[249][1704.49,[(984,[672,1013,1198])|929d8c],186,982->984,9,60.43,60.43]
[340][1771.37,[(122,[672,1013,1198])|6a2dd5],249,984->122,10,60.43,60.43]
[477][1878.92,[(1007,[672,1013,1198])|4a2af8],340,122->1007,11,60.43,60.43]
[591][1998.64,[(1008,[672,1013,1198])|78e331],477,1007->1008,12,60.43,60.43]
[686][2065.78,[(1010,[672,1013,1198])|f55d83],591,1008->1010,13,60.43,60.43]
[789][2121.74,[(1012,[672,1013,1198])|524544],686,1010->1012,14,60.43,60.43]
[878][2173.01,[(1013,[672,1198])|308501],789,1012->1013,15,40.29,40.29]
[880][2225.60,[(1014,[672,1198])|8fce09],878,1013->1014,16,40.29,40.29]
[885][2428.46,[(1016,[672,1198])|8eec05],880,1014->1016,17,40.29,40.29]
[892][2497.88,[(1017,[672,1198])|0d2855],885,1016->1017,18,40.29,40.29]
[908][2640.56,[(1019,[672,1198])|4a75d7],892,1017->1019,19,40.29,40.29]
[921][2694.35,[(1021,[672,1198])|cd8afc],908,1019->1021,20,40.29,40.29]
[930][2910.27,[(1000,[672,1198])|e0aa32],921,1021->1000,21,40.29,40.29]
[948][2963.33,[(999,[672,1198])|2260c4],930,1000->999,22,40.29,40.29]
[979][3173.72,[(1032,[672,1198])|813be9],948,999->1032,23,40.29,40.29]
[1012][3232.23,[(1202,[672,1198])|fd7fd0],979,1032->1202,24,40.29,40.29]
[1052][3563.40,[(623,[672,1198])|50cd01],1012,1202->623,25,40.29,40.29]
[1108][3664.08,[(624,[672,1198])|e62e3e],1052,623->624,26,40.29,40.29]
[1184][3701.64,[(665,[672,1198])|31f0b5],1108,624->665,27,40.29,40.29]
[1259][3746.36,[(666,[672,1198])|e4c393],1184,665->666,28,40.29,40.29]
[1348][3831.61,[(672,[1198])|98ca55],1259,666->672,29,20.14,20.14]
[1349][3879.46,[(622,[1198])|267eb8],1348,672->622,30,20.14,20.14]
[1350][3929.76,[(623,[1198])|1116ad],1349,622->623,31,20.14,20.14]
[1351][4069.70,[(350,[1198])|da6439],1350,623->350,32,20.14,20.14]
[1353][4175.01,[(351,[1198])|4eff0f],1351,350->351,33,20.14,20.14]
[1358][4254.83,[(981,[1198])|24079f],1353,351->981,34,20.14,20.14]
[1367][4300.63,[(944,[1198])|ad544b],1358,981->944,35,20.14,20.14]
[1381][4382.27,[(945,[1198])|4a89de],1367,944->945,36,20.14,20.14]
[1405][4452.89,[(941,[1198])|cd520f],1381,945->941,37,20.14,20.14]
[1440][4516.77,[(946,[1198])|5f521c],1405,941->946,38,20.14,20.14]
[1490][4586.00,[(478,[1198])|eea7d5],1440,946->478,39,20.14,20.14]
[1559][4650.06,[(480,[1198])|6063e0],1490,478->480,40,20.14,20.14]
[1629][4721.35,[(251,[1198])|62ebc0],1559,480->251,41,20.14,20.14]
[1699][4777.80,[(248,[1198])|0d7ce6],1629,251->248,42,20.14,20.14]
[1784][5245.54,[(152,[1198])|9439f8],1699,248->152,43,20.14,20.14]
[1887][5406.52,[(153,[1198])|07d2cd],1784,152->153,44,20.14,20.14]
[1991][5481.32,[(51,[1198])|3e5494],1887,153->51,45,20.14,20.14]
[2106][5643.24,[(55,[1198])|a9bfe6],1991,51->55,46,20.14,20.14]
[2225][5780.22,[(512,[1198])|dffaa8],2106,55->512,47,20.14,20.14]
[2377][5829.38,[(513,[1198])|62aee2],2225,512->513,48,20.14,20.14]
[2533][5860.67,[(507,[1198])|a18eed],2377,513->507,49,20.14,20.14]
[2698][5954.91,[(515,[1198])|8b5973],2533,507->515,50,20.14,20.14]
[2866][6058.65,[(500,[1198])|3ac96b],2698,515->500,51,20.14,20.14]
[3028][6177.75,[(518,[1198])|e1ccdb],2866,500->518,52,20.14,20.14]
[3174][6304.77,[(319,[1198])|72d041],3028,518->319,53,20.14,20.14]
[3303][6445.74,[(510,[1198])|db4cc8],3174,319->510,54,20.14,20.14]
[3431][6529.80,[(25,[1198])|ad4735],3303,510->25,55,20.14,20.14]
[3554][6601.23,[(24,[1198])|9b50d8],3431,25->24,56,20.14,20.14]
[3685][6748.97,[(23,[1198])|08fba1],3554,24->23,57,20.14,20.14]
[3811][6778.33,[(411,[1198])|0a4739],3685,23->411,58,20.14,20.14]
[3921][6803.84,[(412,[1198])|65d9fc],3811,411->412,59,20.14,20.14]
[3987][6825.57,[(0,[1198])|a966f8],3921,412->0,60,20.14,20.14]
[4051][7004.73,[(2,[1198])|e4c00c],3987,0->2,61,20.14,20.14]
[4094][7047.15,[(1194,[1198])|714b7b],4051,2->1194,62,20.14,20.14]
[4129][7195.33,[(1196,[1198])|bb3057],4094,1194->1196,63,20.14,20.14]
[4159][7254.88,[(1195,[1198])|383a51],4129,1196->1195,64,20.14,20.14]
[4190][7446.50,[(1198,[[]])|94636d],4159,1195->1198,65,0.0,0.00]
