Estado: c41674 una profundidad de: 23
Estado: d4f8ec una profundidad de: 40
Estado: 49f4e0 una profundidad de: 40
Estado: 32b2f0 una profundidad de: 41
[0][0.00,[(912,[218,271,483,854])|6a498d], None, None, 0,80.0,80.00]
[1][42.63,[(872,[218,271,483,854])|6b52cb],0,912->872,1,80.0,80.00]
[7][175.45,[(918,[218,271,483,854])|1bd000],1,872->918,2,80.0,80.00]
[19][206.79,[(850,[218,271,483,854])|51faaa],7,918->850,3,80.0,80.00]
[47][277.13,[(853,[218,271,483,854])|893ae2],19,850->853,4,80.0,80.00]
[87][329.19,[(854,[218,271,483])|c80132],47,853->854,5,60.0,60.00]
[88][406.24,[(850,[218,271,483])|c3ff95],87,854->850,6,60.0,60.00]
[90][578.87,[(816,[218,271,483])|cf821b],88,850->816,7,60.0,60.00]
[97][630.39,[(827,[218,271,483])|3aee8d],90,816->827,8,60.0,60.00]
[114][670.68,[(870,[218,271,483])|b6c658],97,827->870,9,60.0,60.00]
[136][984.02,[(826,[218,271,483])|e33b84],114,870->826,10,60.0,60.00]
[167][1044.13,[(828,[218,271,483])|b913e5],136,826->828,11,60.0,60.00]
[208][1146.23,[(825,[218,271,483])|8e0bd9],167,828->825,12,60.0,60.00]
[276][1238.49,[(822,[218,271,483])|87954a],208,825->822,13,60.0,60.00]
[370][1335.45,[(819,[218,271,483])|2594dd],276,822->819,14,60.0,60.00]
[454][1406.92,[(832,[218,271,483])|fb9220],370,819->832,15,60.0,60.00]
[553][1518.23,[(247,[218,271,483])|ab8ade],454,832->247,16,60.0,60.00]
[663][1641.74,[(246,[218,271,483])|f460f7],553,247->246,17,60.0,60.00]
[775][1732.82,[(248,[218,271,483])|b11957],663,246->248,18,60.0,60.00]
[875][2200.56,[(152,[218,271,483])|fe5cfe],775,248->152,19,60.0,60.00]
[1007][2361.54,[(153,[218,271,483])|9350d5],875,152->153,20,60.0,60.00]
[1130][2436.33,[(51,[218,271,483])|80cee2],1007,153->51,21,60.0,60.00]
[1253][2620.68,[(54,[218,271,483])|6b0c5f],1130,51->54,22,60.0,60.00]
[1374][2893.14,[(232,[218,271,483])|8671cd],1253,54->232,23,60.0,60.00]
[1492][3031.95,[(231,[218,271,483])|936c4c],1374,232->231,24,60.0,60.00]
[1616][3100.58,[(237,[218,271,483])|287543],1492,231->237,25,60.0,60.00]
[1720][3298.33,[(217,[218,271,483])|c1afda],1616,237->217,26,60.0,60.00]
[1825][3375.05,[(218,[271,483])|9c8bbe],1720,217->218,27,40.0,40.00]
[1826][3485.89,[(208,[271,483])|31326e],1825,218->208,28,40.0,40.00]
[1828][3526.78,[(209,[271,483])|085b91],1826,208->209,29,40.0,40.00]
[1832][3597.51,[(212,[271,483])|ca1fd5],1828,209->212,30,40.0,40.00]
[1839][3694.12,[(215,[271,483])|9bcde2],1832,212->215,31,40.0,40.00]
[1848][3728.73,[(216,[271,483])|afce7d],1839,215->216,32,40.0,40.00]
[1861][3787.70,[(335,[271,483])|0a8272],1848,216->335,33,40.0,40.00]
[1877][3954.68,[(54,[271,483])|ca1498],1861,335->54,34,40.0,40.00]
[1913][4227.14,[(232,[271,483])|eed600],1877,54->232,35,40.0,40.00]
[1960][4610.19,[(235,[271,483])|ea1373],1913,232->235,36,40.0,40.00]
[2026][4676.94,[(56,[271,483])|63ff88],1960,235->56,37,40.0,40.00]
[2103][4900.53,[(421,[271,483])|b81bd8],2026,56->421,38,40.0,40.00]
[2205][4966.26,[(422,[271,483])|9172f5],2103,421->422,39,40.0,40.00]
[2319][5020.20,[(416,[271,483])|6cc252],2205,422->416,40,40.0,40.00]
[2463][5095.56,[(417,[271,483])|f34562],2319,416->417,41,40.0,40.00]
[2624][5294.64,[(420,[271,483])|79edb5],2463,417->420,42,40.0,40.00]
[2794][5348.49,[(483,[271])|6a1184],2624,420->483,43,20.0,20.00]
[2796][5499.85,[(419,[271])|dea9c9],2794,483->419,44,20.0,20.00]
[2797][5637.32,[(414,[271])|019829],2796,419->414,45,20.0,20.00]
[2798][5818.05,[(25,[271])|459d7c],2797,414->25,46,20.0,20.00]
[2799][5889.47,[(24,[271])|8ae8f1],2798,25->24,47,20.0,20.00]
[2801][6037.22,[(23,[271])|b60581],2799,24->23,48,20.0,20.00]
[2808][6066.58,[(411,[271])|c4f452],2801,23->411,49,20.0,20.00]
[2827][6210.96,[(1179,[271])|2654b7],2808,411->1179,50,20.0,20.00]
[2853][6454.70,[(32,[271])|f01cd7],2827,1179->32,51,20.0,20.00]
[2894][6687.12,[(34,[271])|a0bcf6],2853,32->34,52,20.0,20.00]
[2950][6789.80,[(1178,[271])|16fe50],2894,34->1178,53,20.0,20.00]
[3033][7032.84,[(1200,[271])|bdf509],2950,1178->1200,54,20.0,20.00]
[3122][7095.52,[(750,[271])|bb75b6],3033,1200->750,55,20.0,20.00]
[3230][7215.62,[(748,[271])|194c38],3122,750->748,56,20.0,20.00]
[3347][7454.23,[(36,[271])|5f442b],3230,748->36,57,20.0,20.00]
[3471][7501.89,[(38,[271])|6c6fe0],3347,36->38,58,20.0,20.00]
[3615][7638.07,[(1072,[271])|831256],3471,38->1072,59,20.0,20.00]
[3761][7674.17,[(1071,[271])|f7c242],3615,1072->1071,60,20.0,20.00]
[3891][7701.43,[(1067,[271])|fde52d],3761,1071->1067,61,20.0,20.00]
[4043][8081.19,[(10,[271])|be3d51],3891,1067->10,62,20.0,20.00]
[4208][10361.50,[(11,[271])|7f3c7b],4043,10->11,63,20.0,20.00]
[4341][10687.97,[(70,[271])|63fc0c],4208,11->70,64,20.0,20.00]
[4466][10728.87,[(82,[271])|d35430],4341,70->82,65,20.0,20.00]
[4596][10773.27,[(83,[271])|0b37f6],4466,82->83,66,20.0,20.00]
[4745][10829.88,[(86,[271])|36dbfd],4596,83->86,67,20.0,20.00]
[4894][11058.10,[(270,[271])|fb29b1],4745,86->270,68,20.0,20.00]
[5052][11328.38,[(271,[[]])|4d8314],4894,270->271,69,0.0,0.00]
