[0][0.00,[(866,[672,1013,1198])|9cfd47], None, None, 0,0,0.00]
[1][65.62,[(815,[672,1013,1198])|37265b],0,866->815,1,2811.08,65.62]
[4][143.96,[(808,[672,1013,1198])|e0d74f],1,815->808,2,2811.08,143.96]
[16][385.05,[(816,[672,1013,1198])|489581],4,808->816,3,2811.08,385.05]
[73][556.72,[(850,[672,1013,1198])|a64813],16,816->850,4,2811.08,556.72]
[146][676.05,[(852,[672,1013,1198])|3cd0f6],73,850->852,5,2811.08,676.05]
[217][840.00,[(855,[672,1013,1198])|164b52],146,852->855,6,2811.08,840.00]
[397][1192.09,[(931,[672,1013,1198])|a10a5e],217,855->931,7,2279.23,1192.09]
[615][1229.36,[(983,[672,1013,1198])|217278],397,931->983,8,2385.87,1229.36]
[630][1701.61,[(1262,[672,1013,1198])|a45338],615,983->1262,9,1325.45,1701.61]
[919][1753.85,[(122,[672,1013,1198])|6a2dd5],630,1262->122,10,1184.7,1753.85]
[959][1861.40,[(1007,[672,1013,1198])|4a2af8],919,122->1007,11,880.85,1861.40]
[1046][1981.11,[(1008,[672,1013,1198])|78e331],959,1007->1008,12,522.29,1981.11]
[1102][2048.25,[(1010,[672,1013,1198])|f55d83],1046,1008->1010,13,321.17,2048.25]
[1137][2104.21,[(1012,[672,1013,1198])|524544],1102,1010->1012,14,153.55,2104.21]
[1184][2155.48,[(1013,[672,1198])|308501],1137,1012->1013,15,1874.06,2155.48]
[1213][2206.74,[(1012,[672,1198])|4c2b1f],1184,1013->1012,16,1811.16,2206.74]
[1258][2262.71,[(1010,[672,1198])|b7cdea],1213,1012->1010,17,1746.78,2262.71]
[1302][2418.73,[(1009,[672,1198])|9f5538],1258,1010->1009,18,1495.81,2418.73]
[1484][2488.51,[(1020,[672,1198])|7cd406],1302,1009->1020,19,1388.99,2488.51]
[1612][2534.32,[(1280,[672,1198])|10f9ef],1484,1020->1280,20,1322.2,2534.32]
[1674][2610.68,[(1031,[672,1198])|7b4f44],1612,1280->1031,21,1218.04,2610.68]
[1788][2632.53,[(1030,[672,1198])|dbc0a5],1674,1031->1030,22,1190.16,2632.53]
[1830][2685.71,[(1000,[672,1198])|e0aa32],1788,1030->1000,23,1126.52,2685.71]
[1914][2738.77,[(999,[672,1198])|2260c4],1830,1000->999,24,1068.02,2738.77]
[1988][2949.15,[(1032,[672,1198])|813be9],1914,999->1032,25,770.18,2949.15]
[2301][3007.67,[(1202,[672,1198])|fd7fd0],1988,1032->1202,26,656.76,3007.67]
[2416][3338.83,[(623,[672,1198])|50cd01],2301,1202->623,27,141.34,3338.83]
[3080][3439.52,[(624,[672,1198])|e62e3e],2416,623->624,28,222.48,3439.52]
[3322][3477.08,[(665,[672,1198])|31f0b5],3080,624->665,29,184.57,3477.08]
[3397][3521.80,[(666,[672,1198])|e4c393],3322,665->666,30,158.85,3521.80]
[3499][3607.04,[(672,[1198])|98ca55],3397,666->672,31,937.03,3607.04]
[3705][3654.90,[(622,[1198])|267eb8],3499,672->622,32,937.03,3654.90]
[3824][3705.20,[(623,[1198])|1116ad],3705,622->623,33,937.03,3705.20]
[3945][3805.89,[(624,[1198])|c7de50],3824,623->624,34,937.03,3805.89]
[4168][3843.44,[(665,[1198])|23e125],3945,624->665,35,937.03,3843.44]
[4251][3888.17,[(666,[1198])|3e9b83],4168,665->666,36,937.03,3888.17]
[4376][3938.92,[(644,[1198])|e92b2c],4251,666->644,37,937.03,3938.92]
[4512][3971.29,[(634,[1198])|69eaec],4376,644->634,38,937.03,3971.29]
[4575][4008.39,[(635,[1198])|d0cdd5],4512,634->635,39,937.03,4008.39]
[4660][4077.39,[(625,[1198])|8f95dd],4575,635->625,40,937.03,4077.39]
[4878][4149.25,[(631,[1198])|43800e],4660,625->631,41,937.03,4149.25]
[5103][4263.11,[(632,[1198])|73b494],4878,631->632,42,937.03,4263.11]
[5420][4335.68,[(142,[1198])|3b1084],5103,632->142,43,937.03,4335.68]
[5640][4364.13,[(143,[1198])|04a2fe],5420,142->143,44,937.03,4364.13]
[5709][4476.04,[(144,[1198])|d3e560],5640,143->144,45,937.03,4476.04]
[6016][4572.62,[(146,[1198])|6b45e3],5709,144->146,46,937.03,4572.62]
[6316][4671.96,[(114,[1198])|16507c],6016,146->114,47,937.03,4671.96]
[6601][4725.58,[(147,[1198])|b5a143],6316,114->147,48,937.03,4725.58]
[6745][4803.08,[(327,[1198])|84de3b],6601,147->327,49,937.03,4803.08]
[6976][5125.98,[(236,[1198])|5756c0],6745,327->236,50,937.03,5125.98]
[8097][5209.37,[(231,[1198])|4d727e],6976,236->231,51,937.03,5209.37]
[8394][5345.87,[(232,[1198])|785241],8097,231->232,52,937.03,5345.87]
[8836][5377.05,[(493,[1198])|3e4474],8394,232->493,53,937.03,5377.05]
[8919][5444.39,[(494,[1198])|7f9c82],8836,493->494,54,919.81,5444.39]
[9125][5491.11,[(495,[1198])|53bdb8],8919,494->495,55,876.12,5491.11]
[9249][5527.84,[(521,[1198])|15f774],9125,495->521,56,841.99,5527.84]
[9339][5578.79,[(524,[1198])|452953],9249,521->524,57,795.3,5578.79]
[9463][5624.95,[(533,[1198])|a02260],9339,524->533,58,752.95,5624.95]
[9606][5672.70,[(497,[1198])|4ab570],9463,533->497,59,709.93,5672.70]
[9756][5723.76,[(490,[1198])|6ccaa4],9606,497->490,60,664.66,5723.76]
[9922][5781.47,[(486,[1198])|c9c746],9756,490->486,61,614.19,5781.47]
[10080][5828.24,[(485,[1198])|6d17ee],9922,486->485,62,571.18,5828.24]
[10235][5883.54,[(484,[1198])|fe16fa],10080,485->484,63,520.62,5883.54]
[10404][5937.82,[(482,[1198])|463c77],10235,484->482,64,471.75,5937.82]
[10573][6039.70,[(319,[1198])|72d041],10404,482->319,65,408.9,6039.70]
[10842][6180.67,[(510,[1198])|db4cc8],10573,319->510,66,344.71,6180.67]
[11238][6264.73,[(25,[1198])|ad4735],10842,510->25,67,341.86,6264.73]
[11463][6336.16,[(24,[1198])|9b50d8],11238,25->24,68,321.77,6336.16]
[11674][6483.90,[(23,[1198])|08fba1],11463,24->23,69,198.93,6483.90]
[12082][6513.26,[(411,[1198])|0a4739],11674,23->411,70,172.3,6513.26]
[12176][6538.77,[(412,[1198])|65d9fc],12082,411->412,71,168.69,6538.77]
[12250][6560.50,[(0,[1198])|a966f8],12176,412->0,72,184.48,6560.50]
[12304][6739.66,[(2,[1198])|e4c00c],12250,0->2,73,317.63,6739.66]
[12777][6782.08,[(1194,[1198])|714b7b],12304,2->1194,74,285.17,6782.08]
[12895][6930.26,[(1196,[1198])|bb3057],12777,1194->1196,75,203.64,6930.26]
[13274][6989.81,[(1195,[1198])|383a51],12895,1196->1195,76,191.62,6989.81]
[13441][7181.43,[(1198,[[]])|94636d],13274,1195->1198,77,0,7181.43]