Solución examen impresion

Preguntas:

1- 40

2- 79

3- 22617

BIENVENIDO AL PROGRAMA DE ESTRATEGIAS DE BÚSQUEDA
¿Cuántos nodos a visitar quiere? 4
Introduce el id del nodo inicial: 912
Introduce el id del nodo a visitar: 218
Introduce el id del nodo a visitar: 271
Introduce el id del nodo a visitar: 483
Introduce el id del nodo a visitar: 854
Id inicial: 912 
Ids finales: 218 271 483 854 
¿Qué algoritmo quieres usar? (1)BFS (2)DFS (3)UCS (4)A* (5)Voraz: 3
Qué heurística quieres usar? (1)Distancia euclídea (2)Arco mínimo: 1
Algoritmo de búsqueda: Algoritmo UCS
profundidad: 40
profundidad: 51
profundidad: 42
profundidad: 51
[0][0.00,[(912,[218,271,483,854])|6a498d], None, None, 0,80.57,0.00]
[1][42.63,[(872,[218,271,483,854])|6b52cb],0,912->872,1,852.39,42.63]
[11][175.45,[(918,[218,271,483,854])|1bd000],1,872->918,2,361.11,175.45]
[46][206.79,[(850,[218,271,483,854])|51faaa],11,918->850,3,246.08,206.79]
[67][277.13,[(853,[218,271,483,854])|893ae2],46,850->853,4,203.9,277.13]
[91][329.19,[(854,[218,271,483])|c80132],67,853->854,5,2880.81,329.19]
[125][406.24,[(850,[218,271,483])|c3ff95],91,854->850,6,2880.81,406.24]
[167][525.57,[(852,[218,271,483])|3cea6a],125,850->852,7,2880.81,525.57]
[229][689.52,[(855,[218,271,483])|0b0f52],167,852->855,8,2880.81,689.52]
[328][766.55,[(932,[218,271,483])|46c1f5],229,855->932,9,2880.81,766.55]
[381][849.68,[(921,[218,271,483])|6bc7d9],328,932->921,10,2880.81,849.68]
[446][870.00,[(978,[218,271,483])|a46d39],381,921->978,11,2880.81,870.00]
[463][900.46,[(976,[218,271,483])|970a23],446,978->976,12,2852.83,900.46]
[485][935.82,[(923,[218,271,483])|fe3e61],463,976->923,13,2794.19,935.82]
[525][971.81,[(922,[218,271,483])|982e02],485,923->922,14,2712.94,971.81]
[574][1062.87,[(890,[218,271,483])|fa2a6e],525,922->890,15,2558.5,1062.87]
[711][1100.73,[(887,[218,271,483])|f5d41f],574,890->887,16,2459.48,1100.73]
[764][1162.25,[(888,[218,271,483])|4f7b7b],711,887->888,17,2316.18,1162.25]
[859][1253.62,[(883,[218,271,483])|a33fed],764,888->883,18,2061.2,1253.62]
[1033][1304.03,[(884,[218,271,483])|4940b5],859,883->884,19,1926.01,1304.03]
[1118][1433.43,[(251,[218,271,483])|e40f34],1033,884->251,20,1551.85,1433.43]
[1320][1489.88,[(248,[218,271,483])|b11957],1118,251->248,21,1419.99,1489.88]
[1425][1957.62,[(152,[218,271,483])|fe5cfe],1320,248->152,22,823.76,1957.62]
[2175][2118.60,[(153,[218,271,483])|9350d5],1425,152->153,23,966.48,2118.60]
[2470][2193.39,[(51,[218,271,483])|80cee2],2175,153->51,24,1058.39,2193.39]
[2620][2355.32,[(55,[218,271,483])|d3b38f],2470,51->55,25,1356.79,2355.32]
[2991][2492.30,[(512,[218,271,483])|825681],2620,55->512,26,1636.94,2492.30]
[3220][2541.46,[(513,[218,271,483])|4c6cfd],2991,512->513,27,1678.18,2541.46]
[3334][2572.75,[(507,[218,271,483])|fd54a5],3220,513->507,28,1593.15,2572.75]
[3404][2666.99,[(515,[218,271,483])|308dfe],3334,507->515,29,1344.16,2666.99]
[3630][2770.72,[(500,[218,271,483])|d19580],3404,515->500,30,1060.99,2770.72]
[3954][2889.83,[(518,[218,271,483])|b74ceb],3630,500->518,31,749.29,2889.83]
[4392][3016.85,[(319,[218,271,483])|20cc14],3954,518->319,32,512.34,3016.85]
[4844][3118.73,[(482,[218,271,483])|465575],4392,319->482,33,294.52,3118.73]
[5233][3216.92,[(483,[218,271])|83dab6],4844,482->483,34,1920.54,3216.92]
[5595][3368.28,[(419,[218,271])|836e20],5233,483->419,35,1920.54,3368.28]
[6085][3505.76,[(414,[218,271])|bd4c57],5595,419->414,36,1920.54,3505.76]
[6578][3686.49,[(25,[218,271])|dd1c6e],6085,414->25,37,1920.54,3686.49]
[7388][3905.99,[(319,[218,271])|244fc2],6578,25->319,38,1920.54,3905.99]
[8475][4007.87,[(482,[218,271])|655972],7388,319->482,39,1879.8,4007.87]
[8944][4062.15,[(484,[218,271])|7d55e0],8475,482->484,40,1776.54,4062.15]
[9192][4117.45,[(485,[218,271])|78f8ee],8944,484->485,41,1671.62,4117.45]
[9436][4164.22,[(486,[218,271])|02849f],9192,485->486,42,1582.77,4164.22]
[9639][4221.93,[(490,[218,271])|bb156a],9436,486->490,43,1469.55,4221.93]
[9974][4272.99,[(497,[218,271])|08eaae],9639,490->497,44,1369.36,4272.99]
[10209][4320.74,[(533,[218,271])|b770ba],9974,497->533,45,1275.94,4320.74]
[10388][4366.90,[(524,[218,271])|ac04c6],10209,533->524,46,1186.25,4366.90]
[10584][4417.85,[(521,[218,271])|5c6196],10388,524->521,47,1087.1,4417.85]
[10775][4454.59,[(495,[218,271])|090426],10584,521->495,48,1016.17,4454.59]
[10897][4501.30,[(494,[218,271])|f6d359],10775,495->494,49,926.57,4501.30]
[11098][4568.64,[(493,[218,271])|758655],10897,494->493,50,798.05,4568.64]
[11367][4600.67,[(232,[218,271])|dc8f42],11098,493->232,51,739.83,4600.67]
[11467][4739.48,[(231,[218,271])|07956e],11367,232->231,52,577.4,4739.48]
[12078][4808.11,[(237,[218,271])|7f5328],11467,231->237,53,457.92,4808.11]
[12378][5005.86,[(217,[218,271])|54f555],12078,237->217,54,149.7,5005.86]
[13307][5082.58,[(218,[271])|89d181],12378,217->218,55,960.27,5082.58]
[13730][5193.42,[(208,[271])|add222],13307,218->208,56,960.27,5193.42]
[14280][5234.31,[(209,[271])|eb8474],13730,208->209,57,960.27,5234.31]
[14470][5343.04,[(211,[271])|f21e9e],14280,209->211,58,960.27,5343.04]
[14947][5372.03,[(596,[271])|ab2e85],14470,211->596,59,960.27,5372.03]
[15083][5411.83,[(152,[271])|2a92dc],14947,596->152,60,960.27,5411.83]
[15251][5546.44,[(336,[271])|7ed1e7],15083,152->336,61,960.27,5546.44]
[15924][5997.49,[(245,[271])|53ac20],15251,336->245,62,960.27,5997.49]
[18077][6243.58,[(263,[271])|aa03ef],15924,245->263,63,960.27,6243.58]
[19083][6447.13,[(257,[271])|185560],18077,263->257,64,960.27,6447.13]
[19874][6475.96,[(258,[271])|18f34e],19083,257->258,65,960.27,6475.96]
[19976][6562.75,[(79,[271])|0eefe0],19874,258->79,66,960.27,6562.75]
[20250][6591.38,[(78,[271])|fa0f7b],19976,79->78,67,960.27,6591.38]
[20347][6980.86,[(72,[271])|104d21],20250,78->72,68,960.27,6980.86]
[21100][7049.68,[(71,[271])|ee4d0c],20347,72->71,69,960.27,7049.68]
[21199][7347.42,[(73,[271])|955e2e],21100,71->73,70,960.27,7347.42]
[21529][7973.94,[(1287,[271])|e04578],21199,73->1287,71,960.27,7973.94]
[21940][8265.41,[(66,[271])|5f99bd],21529,1287->66,72,876.14,8265.41]
[22023][8460.86,[(65,[271])|d69647],21940,66->65,73,680.86,8460.86]
[22128][8868.55,[(68,[271])|31bdd3],22023,65->68,74,275.97,8868.55]
[22354][8922.42,[(82,[271])|d35430],22128,68->82,75,223.73,8922.42]
[22365][8966.82,[(83,[271])|0b37f6],22354,82->83,76,185.04,8966.82]
[22404][9023.44,[(86,[271])|36dbfd],22365,83->86,77,145.03,9023.44]
[22434][9251.65,[(270,[271])|fb29b1],22404,86->270,78,123.16,9251.65]
[22617][9521.93,[(271,[[]])|4d8314],22434,270->271,79,0,9521.93]